bg_day 288 512 0.0 0.0 0.28125 0.5
bg_night 288 512 0.28515625 0.0 0.28125 0.5
wafty_0 48 48 0.21484375 0.7324219 0.046875 0.046875
wafty_1 48 48 0.21484375 0.7832031 0.046875 0.046875
wafty_2 48 48 0.21484375 0.8339844 0.046875 0.046875
blink_00 10 10 0.26953125 0.6660156 0.009765625 0.009765625
blink_01 10 10 0.26953125 0.7167969 0.009765625 0.009765625
blink_02 10 10 0.26953125 0.7675781 0.009765625 0.009765625
button_play 116 70 0.6855469 0.22851562 0.11328125 0.068359375
button_rate 74 48 0.90234375 0.0 0.072265625 0.046875
button_score 116 70 0.8027344 0.22851562 0.11328125 0.068359375
font_048 24 44 0.96875 0.11328125 0.0234375 0.04296875
font_049 16 44 0.265625 0.8847656 0.015625 0.04296875
font_050 24 44 0.5703125 0.30859375 0.0234375 0.04296875
font_051 24 44 0.59765625 0.30859375 0.0234375 0.04296875
font_052 24 44 0.625 0.30859375 0.0234375 0.04296875
font_053 24 44 0.65234375 0.30859375 0.0234375 0.04296875
font_054 24 44 0.5703125 0.35546875 0.0234375 0.04296875
font_055 24 44 0.59765625 0.35546875 0.0234375 0.04296875
font_056 24 44 0.625 0.35546875 0.0234375 0.04296875
font_057 24 44 0.65234375 0.35546875 0.0234375 0.04296875
land 336 112 0.5703125 0.0 0.328125 0.109375
land_bum 336 12 0.5703125 0.0625 0.328125 0.01171875
medals_0 44 44 0.23632812 0.50390625 0.04296875 0.04296875
medals_1 44 44 0.23632812 0.55078125 0.04296875 0.04296875
medals_2 44 44 0.21875 0.8847656 0.04296875 0.04296875
medals_3 44 44 0.21875 0.9316406 0.04296875 0.04296875
new 32 14 0.21875 0.9785156 0.03125 0.013671875
number_context_00 12 14 0.26953125 0.6308594 0.01171875 0.013671875
number_context_01 12 14 0.26953125 0.6484375 0.01171875 0.013671875
number_context_02 12 14 0.26953125 0.6816406 0.01171875 0.013671875
number_context_03 12 14 0.26953125 0.69921875 0.01171875 0.013671875
number_context_04 12 14 0.26953125 0.7324219 0.01171875 0.013671875
number_context_05 12 14 0.26953125 0.75 0.01171875 0.013671875
number_context_06 12 14 0.26953125 0.7832031 0.01171875 0.013671875
number_context_07 12 14 0.26953125 0.80078125 0.01171875 0.013671875
number_context_08 12 14 0.26953125 0.8339844 0.01171875 0.013671875
number_context_09 12 14 0.26953125 0.8515625 0.01171875 0.013671875
number_context_10 12 14 0.96875 0.16015625 0.01171875 0.013671875
number_score_00 16 20 0.265625 0.59765625 0.015625 0.01953125
number_score_01 16 20 0.265625 0.9316406 0.015625 0.01953125
number_score_02 16 20 0.265625 0.9550781 0.015625 0.01953125
number_score_03 16 20 0.25390625 0.9785156 0.015625 0.01953125
number_score_04 16 20 0.9785156 0.0 0.015625 0.01953125
number_score_05 16 20 0.9785156 0.0234375 0.015625 0.01953125
number_score_06 16 20 0.984375 0.05078125 0.015625 0.01953125
number_score_07 16 20 0.984375 0.08203125 0.015625 0.01953125
number_score_08 16 20 0.5703125 0.47265625 0.015625 0.01953125
number_score_09 16 20 0.60546875 0.40234375 0.015625 0.01953125
pipe_down 52 320 0.109375 0.6308594 0.05078125 0.3125
pipe_up 52 320 0.1640625 0.6308594 0.05078125 0.3125
score_panel 238 126 0.0 0.50390625 0.23242188 0.123046875
text_game_over 204 54 0.765625 0.11328125 0.19921875 0.052734375
text_ready 196 62 0.5703125 0.11328125 0.19140625 0.060546875
title 202 52 0.7021484375 0.1767578125 0.197265625 0.05078125
tutorial 114 98 0.5703125 0.17773438 0.111328125 0.095703125
